# Created by Octave 3.8.1, Thu Mar 26 15:57:28 2015 IST <shubham@shubh>
# name: y
# type: matrix
# rows: 1000
# columns: 1
 19.19654900085793
 21.27555702951629
 14.99026047744356
 12.85111975255787
 21.85888930107523
 19.9929549556562
 19.525830794138
 19.87062045074017
 17.71191292341801
 14.09669127635925
 16.03748896766411
 11.78699978905356
 7.961751490450586
 19.7601042301991
 15.67449635647831
 16.0626152172348
 14.54933004916885
 17.11937708267443
 14.72473429246701
 17.92157256580994
 10.88112989191746
 15.57311208035691
 12.30730140503553
 19.65746710013045
 17.5065106605012
 16.34572579589309
 14.67915270548454
 17.96715113762226
 19.64967043161298
 14.60425072145575
 16.72522388499878
 22.75718989926873
 13.16272812998841
 13.70887429088127
 15.5578781062194
 13.78523317461809
 14.21280617055093
 22.70116676573906
 12.87160932369512
 6.789707348325424
 13.99434689553683
 14.52080324137832
 13.97250233659815
 13.52579405066278
 13.77207134595243
 6.853579629523693
 18.11100803631523
 14.03476164800877
 20.93386045905844
 16.12895769603076
 16.50344388460711
 14.71092775934845
 8.396025779882219
 13.36701897884761
 15.1749757398509
 16.79200580960629
 17.31086302288491
 23.85336319165708
 14.24458289580126
 17.45726561589614
 10.27431731293025
 13.77108085191847
 18.73894045621353
 16.81054939393221
 15.58586248396154
 17.73009466537302
 10.86982893399142
 19.61171141790442
 12.90539282138849
 15.32985021124316
 11.01996666186986
 10.57062074712523
 14.40044489318656
 19.33086677799772
 11.08028545908345
 15.2183467264633
 13.26547648214262
 19.88569651868155
 15.45730829381226
 16.71392655792226
 15.74918818378423
 16.20331119872627
 15.41336036678955
 11.21153356220599
 15.67411921665949
 7.658427387992672
 14.47053407254188
 16.03557020361295
 18.59295582277202
 15.24886764681021
 14.20743932534668
 15.65669936897612
 14.43480238081002
 18.12977460012952
 19.81513326517876
 15.45165967281634
 17.49393001956012
 17.36669990638168
 18.23643457210039
 11.66559609405765
 13.94576317733003
 11.70012619508451
 16.16722326814511
 17.48592941329756
 15.55623869252779
 19.15398252394754
 16.93157210358782
 12.72708329391123
 17.07445993280518
 18.60470717515085
 19.20682745173443
 12.62784158679678
 19.29674674379623
 12.64826550079832
 17.30183140906392
 15.36355956630037
 10.57791802726443
 21.71982308400028
 17.44872068356446
 17.34553259963949
 11.68948756922164
 16.45698575725553
 22.7359805471843
 17.03263199617013
 17.21950330503586
 16.80738218391483
 11.8249406723734
 18.67851482209413
 13.24936217742441
 13.19628775809652
 9.175758361119867
 10.34799134926732
 18.73720971862896
 21.40558737775135
 22.38298039565398
 16.35155722364258
 14.18404900169195
 7.404729613066354
 10.25540559968602
 18.24746667051966
 13.15597568306624
 8.435131112037697
 15.98781831483902
 12.97567069920652
 12.13665716147139
 15.56141878297817
 9.889861648276357
 13.56629718490454
 16.62815631932373
 15.12108730276944
 13.04612029292903
 17.00415166630242
 11.60619386847137
 21.14488921583664
 14.65767434256252
 17.50947749761333
 15.78306033207467
 14.60530350150186
 14.73852955873821
 17.85924719522695
 16.82265124771479
 12.10506390282075
 12.19444480361043
 16.459091965396
 18.21974590026503
 14.16514241818977
 14.43731831100179
 13.76335861335133
 14.07498581481763
 15.76058969547444
 13.41324045337669
 9.113192812644805
 11.1522382754615
 19.24176560702937
 18.6482915091069
 17.77530284410637
 17.7866710448909
 15.76906187147494
 14.30249931773864
 19.61067061420167
 16.79573331244045
 16.85324833428468
 9.39143695590845
 20.97508452661746
 13.68424145906937
 13.33065088139904
 6.409646582055503
 20.88092796227421
 9.491151316851404
 14.19961292951336
 17.22885029634336
 18.75960223560142
 13.78381018366441
 12.67798599117647
 17.2697247619262
 13.0103447326988
 10.15238652996208
 12.04282593595648
 10.38218823473278
 15.44476490843151
 20.20924813217981
 17.50950567479493
 10.66585480940262
 15.18734869457921
 13.7738338879816
 14.29298145281471
 18.15218814749357
 17.81580931651312
 17.49764119424594
 7.937256784347973
 12.09998395428438
 17.31850535779061
 17.8525327063135
 20.31069690688476
 16.59327210182046
 18.88912376331144
 18.15237154767802
 9.834406086683526
 12.81736069158877
 16.5554858266486
 18.90971755216151
 19.14648825111582
 18.30744670062568
 15.01506820844966
 16.59949309225561
 19.48442208421456
 14.76480293592921
 14.76755565678497
 12.79848739735383
 16.55584914391986
 9.646959803803115
 15.41492561794345
 14.54940934186714
 12.14077729443784
 14.62100240381787
 14.31733518238859
 11.19104398362741
 11.55525272637963
 16.85333518418573
 16.80596015419531
 11.1004070980776
 16.83142673334984
 16.16203322739062
 13.40203395561006
 13.21482508050596
 13.96515392470041
 16.73211871536459
 12.67774206801532
 15.63485743243268
 13.50926338077317
 20.21480837160911
 15.58536033347715
 16.07708553534945
 13.35137557390405
 19.3007280224987
 14.34119742445903
 10.80482105576102
 14.16542111080149
 15.70248255871172
 21.31596082966052
 10.3015962195381
 12.96569434322698
 15.20891778031465
 16.35068826280281
 13.58521112485082
 14.07399965999411
 14.13525108514258
 18.58373959646022
 16.80671107997748
 16.78106557206625
 21.50585183424507
 8.784703591389739
 14.57916415548705
 13.80066714442175
 15.03727469139643
 14.57277816632356
 5.138649346638131
 13.84979979709951
 12.94316681536133
 16.11025213098281
 17.16685256841147
 16.65611355535765
 10.67004520922074
 14.69908659457855
 15.84116380603644
 17.29306745851094
 11.47316602305837
 13.06903651924168
 13.47558012288248
 11.00275319810178
 13.19867869173582
 15.64695107976277
 14.95975454597434
 12.41101590863473
 17.54577402115688
 16.47925544281501
 15.05488004237208
 9.362287003644035
 10.42781171323374
 11.55280508555825
 11.36141169645681
 12.78391822460975
 14.08235142676026
 13.48433352711576
 13.90104082062474
 14.84040749427612
 23.12223652803339
 13.8052635676285
 13.98597540800881
 14.61752268214853
 19.13393321362972
 13.59667675287734
 11.77429130005989
 20.75868999825579
 11.19321647231884
 20.67085978201366
 12.04360528310014
 18.99196281234837
 11.48766077691062
 14.84584598051254
 15.57134684672221
 16.78036616834865
 6.824741429416504
 13.58619437668146
 20.26901739635533
 14.75013422196808
 12.72675797714138
 11.36172192851341
 16.77362071049743
 11.65122601002751
 16.8587561326735
 14.42999053054866
 11.11660217294839
 19.17831699291012
 11.57415111202842
 11.2784890393992
 17.75691528237369
 15.75680352021076
 17.37887292604194
 15.16642793892726
 10.57038882145809
 18.05272950231611
 17.56641774289365
 11.33435892714557
 13.60298414858654
 15.11745808536982
 13.96429591616738
 10.12246256452706
 11.56044793093717
 15.1533173249391
 10.21208083268245
 16.77078426807426
 17.77115779474151
 14.04207367321133
 13.74696346359565
 7.205404525959352
 14.02274027354562
 10.57144718729499
 9.090053765957235
 11.53339137491542
 20.75610578756505
 18.27862822470689
 16.39613935019477
 20.49515326725513
 14.84346260138446
 13.55473350132686
 10.83615527842949
 20.15967576899798
 11.9109892802753
 22.2504810207402
 12.99316042124228
 14.43563904502798
 16.53785619872136
 16.31596951016446
 15.64290035089008
 18.14958666860497
 16.93673187007522
 16.81337017446725
 19.9675422690928
 13.25793406625955
 11.5763769082056
 11.78591023160979
 9.462255038619777
 23.96267308385706
 16.04094575651386
 14.0063247707878
 22.96937739283341
 17.5485047349841
 14.02663349240672
 13.71069191144661
 19.19610850357911
 15.26330335532636
 15.00468909425448
 9.071930438966032
 14.35284762640265
 10.75088327690359
 15.93544556786326
 13.20747216192095
 13.45498341017967
 15.55852826835033
 15.70402273891754
 12.07477196606114
 11.27852529988943
 23.42089195166057
 11.55949013240549
 15.09334709598113
 12.97998435450258
 17.23190419657007
 11.4714234203411
 16.4680248393245
 19.48361148661798
 16.30079672137477
 16.79869513371373
 15.86409941857215
 12.88506251348714
 20.37904698744241
 9.439122062528742
 10.81875147760273
 6.849663070031497
 9.294948288646403
 17.27205165193353
 10.12596797484754
 13.33010140281868
 15.1022719855721
 22.41659534126042
 15.32370703327105
 12.92796384409302
 14.74766327209205
 8.00082855130745
 15.78655564437331
 12.05740686706926
 17.32665036522808
 17.90880141964541
 15.2423053771048
 19.51894818015663
 11.91484842522028
 15.96361814230227
 17.27049995907099
 20.20183840412559
 10.19268593471382
 6.16333726614868
 11.37435976873566
 8.901052935784783
 11.96108882893558
 17.86580755191364
 12.01754869086416
 10.24003222225858
 14.68209066410131
 15.68513787809218
 13.90968974440197
 14.29653199513646
 11.93947110530371
 7.588236265586638
 16.10403516016821
 11.9968051038019
 7.102484202977717
 15.73183955082972
 22.2018024241585
 15.89958616600891
 14.0416413410138
 12.92861043012856
 12.04132057548335
 16.61976314136817
 17.77831568657911
 13.95196246709873
 14.54545558938237
 14.82375729377726
 10.37952880437772
 12.95551742702781
 15.31872192298551
 13.20636131720073
 14.6411441785026
 18.7628585886317
 18.19024845541692
 17.03148102886265
 13.53276897347034
 16.74766509283678
 9.885899427260433
 16.94922503505072
 23.14588032227784
 20.10801014958621
 15.39712249913806
 14.81434943718727
 14.26389481352883
 13.98894978902167
 11.90697559139793
 17.11874662373547
 16.7414744384214
 14.63895502037077
 11.46750566805954
 25.63952464181179
 12.55206113785457
 18.74700487493488
 15.04131947865558
 12.29451819191896
 12.25018619665831
 14.09873312397078
 19.0513532119581
 17.53137037387804
 12.79072884644932
 16.09024915421098
 14.74332862490425
 10.838032847479
 10.70258435757667
 19.9859790675976
 13.14490289839054
 14.14134829762271
 10.28658279130557
 6.072910760866632
 19.09957094616479
 15.84262654908525
 15.16005042904464
 14.95293110604096
 18.94568948350742
 20.62401929501669
 19.84048949980087
 9.570240294886869
 15.18162623769379
 18.93396737260784
 14.93019033340406
 20.78887926012863
 16.70717392371134
 13.74011867329249
 16.80814224675617
 8.018766355816243
 16.04454895709577
 15.22542118464396
 17.28336459265118
 15.53825022477949
 13.18263511049888
 14.7518384085395
 13.66360263884558
 17.55981720098082
 19.95519188559689
 14.69657515819594
 18.50766820232006
 15.64169133927558
 15.37205550980171
 16.64987680826648
 17.79213518888881
 11.01982091850027
 19.74959199948685
 14.98906838833137
 10.613815122507
 10.72529698667743
 15.89706190058924
 10.69068847676547
 13.90114446236035
 8.095316650529877
 10.67996419023502
 11.39561471096518
 15.54159378105149
 16.24183781606047
 16.4785476386019
 16.46249733067983
 13.44879716615254
 12.53452285150536
 12.44071083128988
 12.89378904875225
 12.31269571747718
 15.44503109824524
 14.2512778666467
 13.90827410993873
 14.95031971629382
 11.14373124529883
 18.43434048867197
 14.74386619657272
 14.87260199162963
 10.97312854576686
 9.56003750356334
 15.71257873705412
 18.94335353295609
 14.30555281585067
 11.51058728383718
 16.24677033664604
 7.49530824950677
 11.16520188505992
 11.44952549613752
 16.54761426086473
 18.49482391770442
 12.62072234812685
 14.38690282258555
 19.07272767338069
 12.38808723644758
 20.15255054938008
 19.2135503396783
 11.02627061426297
 13.60256227454177
 12.38018293992442
 18.61303329714186
 12.50004294127961
 16.69520296208865
 18.35385399490483
 13.48732423600995
 4.738883356896302
 9.619805400153856
 14.59124165294544
 13.72322087400025
 17.18810545163147
 14.97291085347587
 13.93747865082018
 14.13430373905282
 15.57071301383395
 16.80000646831539
 14.96184779203019
 9.6329945501877
 12.25681738982882
 13.84963087896847
 11.26373167871563
 18.79340135655282
 12.85550768582128
 14.70822481560982
 13.00052830128652
 16.11592567015218
 18.59883106347802
 12.60506002060578
 11.40235913043389
 16.42738203856856
 21.88098635267933
 12.7006075391275
 12.88279383091546
 12.72359194584302
 7.439284807000578
 15.72329045311639
 19.09918915652226
 16.58383776317207
 19.20640344788822
 17.47837329452522
 8.220793130432767
 16.43932933738352
 14.93364527905365
 11.78807719018137
 15.92906332542899
 17.72900644848308
 17.65296535830863
 14.88376945462992
 16.2642035647708
 19.56494627079283
 25.10270390430001
 12.73247430010443
 19.00987607829847
 21.11943758085075
 18.58525889694014
 16.68904720306057
 11.44527452258484
 11.28606190309696
 15.03431603393382
 20.38143034539782
 12.81658694388825
 16.06823668116234
 10.26782690998727
 13.99226189592886
 13.8283390542579
 17.78857067999654
 15.51192506332368
 11.53658102664544
 7.885582194590746
 19.74394607684086
 12.56100090366313
 12.05444166933326
 9.618652163177172
 14.38654371785754
 18.02166380030488
 14.88642691286197
 14.7655339198766
 15.14066463450144
 18.17969512485196
 17.73141826940524
 12.77216582286047
 14.37122291273767
 15.65061685516974
 20.60657799960693
 11.67246355212986
 15.15308899073419
 16.71426464152596
 17.28191029552917
 15.88834731920367
 14.18664240530194
 14.05767569415826
 20.50913517116059
 13.83609985020425
 13.17400244130999
 15.4816935703122
 16.10905243364563
 15.77204957660785
 10.61622652456758
 8.625452413631564
 11.64521975763672
 14.18573246430662
 10.44106799962267
 21.65892457598516
 14.29049199918006
 18.44904051367866
 14.40611935989721
 17.50369010321134
 19.36218587538262
 17.80654464159911
 10.63859495051654
 13.45765668373382
 18.3051432733396
 17.78357016214752
 17.90910029286596
 13.53177646984594
 10.07625772281466
 12.77552218925246
 17.46526274575129
 9.363215442357548
 16.72798573904651
 11.56331296527503
 11.35747892601686
 15.76997569321479
 10.17225419458078
 20.62492562357276
 22.89597093319915
 9.318945828246774
 12.56167450925481
 17.34101464918939
 9.771120429583634
 16.40719998596491
 18.63141743813951
 11.20191743383611
 8.246203018500802
 15.63143314441068
 13.5526477992227
 17.02647834704033
 17.32131285657143
 13.48394132454826
 11.3627037656885
 12.9208648835609
 17.2130648795684
 10.24723773346933
 18.56263801857602
 17.94319784519594
 18.97102334097427
 19.23339210325523
 20.39126870184294
 9.693744637389276
 14.18390663346878
 9.750771962836364
 14.04134485530642
 19.06231140679107
 14.4330646705083
 12.68565426473542
 13.69595813910713
 12.93863395546527
 12.17917752480518
 10.15704114176276
 13.58311476586994
 16.22984951050643
 14.92065912848132
 11.50404789659378
 20.58280377104069
 17.08974832653821
 21.54435276134704
 9.218653925434408
 9.987190396145584
 17.84334699964738
 21.09971445786113
 20.15425268614254
 14.82301341029833
 12.12991569110563
 16.93379759976752
 16.13169282522567
 10.89248728639246
 8.823607047041527
 16.60476675207305
 24.12843487506719
 7.442890305385439
 12.82690647312962
 16.60093840594073
 16.8910704657996
 15.59601406694374
 17.83516468363668
 14.82509644919994
 20.2537333453768
 13.71394042413237
 11.33534256534919
 11.12536673852843
 9.658748904900637
 19.34434614809224
 15.47827288465932
 11.38910671858329
 14.48265083704206
 14.19274687576539
 13.9476299170975
 16.00510542311374
 13.16194825442081
 16.53355831487618
 12.48395392105883
 16.43620350582094
 10.17907159306145
 18.91032881603407
 15.92673050243882
 13.32565728430969
 19.38270750130482
 16.30144154271911
 21.34460436214915
 15.78776404960381
 16.74985371252158
 17.09941226494131
 14.84594550382877
 14.5572809218922
 11.06919528277654
 14.5431540531206
 21.08067148267045
 16.08516749485687
 14.81843954185353
 13.28612489999805
 10.91631297394363
 10.9449646370957
 14.08414225629462
 12.69760551321223
 10.41147670852916
 20.59726666876944
 16.84907370661312
 15.0379994595999
 13.81852489939785
 12.02682921812836
 18.00023421115339
 15.33980166766686
 18.28852758180774
 14.0876460610644
 15.51270862879414
 17.85929957151203
 17.72446227877516
 17.48803989570701
 12.42369948712
 13.8407031180815
 13.87244834255374
 17.51407898241316
 15.67804613062496
 15.26563221656713
 23.6534022475136
 21.74121031859611
 11.67192474060397
 13.05385339249133
 14.7811883642515
 15.52692982887194
 17.20042259578609
 15.36274203931815
 14.94737979600858
 14.22887480145348
 16.60971043904233
 15.50516574532036
 20.8904674885476
 10.70952279906644
 12.52685427175017
 11.98940073622409
 14.09169626874028
 20.6317159350951
 16.88598168368507
 18.07179753227096
 16.01724165621189
 23.05445973732921
 17.72900713900772
 16.75426451604062
 11.2202175855443
 16.79377491028079
 11.70987438449683
 13.17750588132829
 17.6769461188177
 17.19474988606168
 16.12831285219236
 9.476012800348297
 15.00001052342625
 10.34983070666034
 21.16327374971348
 17.49791073867211
 19.71377013496764
 14.40904780527882
 14.07187672387964
 9.941127765314786
 17.04785850148605
 21.50170099109334
 17.11708049526528
 15.2059241368305
 15.52841031398933
 15.20768396160163
 15.92020584158705
 8.964539130757927
 7.743843652583859
 10.57857503829252
 18.77652045869618
 12.48015695035251
 12.73217690895634
 15.41921556930719
 17.50313072356852
 17.76676699396353
 14.3690319708439
 10.9204121339415
 9.538310468913759
 19.94535275692307
 9.63657465355767
 12.83862453312273
 14.78292046857552
 14.8084914459502
 14.22431400986163
 16.90775901236591
 21.02888611701034
 16.53836015885467
 13.11333006709451
 14.74365129286544
 16.54321130601589
 18.39816466764082
 12.90112343742076
 13.44521072294258
 13.96833369269388
 14.13200412184966
 17.10243241420844
 18.59625898868219
 11.43102649453919
 15.81983262755175
 14.47987112895961
 14.81070831434494
 18.00899571943146
 14.04250361234503
 17.65750880291903
 17.13063629067401
 11.51402096224932
 17.80305714915492
 19.82182284255361
 14.95129733482275
 11.23196945125819
 12.42928798797482
 14.4162971112011
 14.65249162445117
 18.17235828467303
 8.866123395089609
 13.1147947519785
 19.34999475008761
 15.89075017599632
 12.53879115987187
 7.604374868951694
 18.43542895734148
 16.1757068135735
 15.44799986693531
 15.62437037795343
 18.08948108710307
 13.4409159933925
 13.06425857184395
 18.12280624097691
 11.93649946620188
 14.65128280167727
 15.98981462244126
 19.78613049245834
 13.90497034095024
 18.6567448711786
 12.43721248960571
 13.15728864648432
 10.06811487251537
 12.87485417770534
 18.07134432309857
 15.24617832025984
 14.21035046605905
 13.8373767263893
 15.02680992675881
 19.9936837660903
 14.98474653349196
 8.681792370725518
 8.753835314259511
 15.02707077965906
 16.46383575394293
 14.9500800615014
 16.57215360972781
 12.93198065660127
 12.4905434087963
 10.59725934198461
 12.04538264752096
 17.11862917682731
 16.47600302939122
 14.99700149986921
 12.39629911130527
 17.62546667121263
 14.49863986086647
 15.88800231952094
 12.9502665759033
 14.1015584912812
 16.50153711426317
 13.31696015306564
 16.06577313182504
 12.44294653133074
 13.71281656119879
 12.31932038960942
 15.25604142736844
 8.827178306570374
 9.611065994134986
 11.93145669453159
 14.51154676385134
 17.01913394354011
 9.358040009758103
 17.4106814135816
 16.05848116119836
 13.72588710266947
 16.95227346937842
 10.7300709844776
 21.09384646872141
 16.6948756864836
 20.57866935266822
 12.75251193408127
 13.04338986855601


